STARTING TEST
0.003566,242,214,0,63
0.005294,241,217,0,66
0.007607,243,219,0,66
0.009825,242,213,0,64
0.011578,243,209,0,63
0.013147,243,213,0,64
0.014724,245,212,0,63
0.016307,245,216,0,64
0.017836,243,211,0,65
0.019439,242,220,0,65
0.021003,244,212,0,65
0.02251,243,212,0,65
0.02409,241,213,0,65
0.025676,242,217,0,65
0.027315,241,219,0,64
0.028911,241,219,0,65
0.030506,241,218,0,66
0.032144,240,221,0,66
0.033712,240,221,0,66
0.035351,239,215,0,66
0.03693,238,221,0,65
0.038572,240,220,0,66
0.040144,239,222,0,67
0.04183,239,217,0,67
0.043434,239,217,0,66
0.045078,241,218,0,65
0.046584,240,221,0,66
0.048137,241,217,0,66
0.049667,241,218,0,66
0.051149,239,216,0,65
0.052774,241,222,0,65
0.054252,240,220,0,66
0.055774,241,217,0,65
0.057386,243,220,0,66
0.058942,240,219,0,67
0.060431,241,221,0,66
0.062046,242,219,0,64
0.063519,241,220,0,66
0.06508,240,220,0,67
0.066625,239,220,0,67
0.06816,242,217,0,66
0.06977,240,218,0,65
0.071349,243,218,0,65
0.072827,240,220,0,65
0.074421,243,220,0,65
0.075948,240,216,0,66
0.077518,240,220,0,65
0.079048,242,214,0,66
0.080524,243,219,0,65
0.082054,242,218,0,65
0.083523,244,219,0,65
0.085025,243,216,0,65
0.086563,244,222,0,65
0.088138,242,219,0,66
0.089719,241,216,0,64
0.091278,242,216,0,66
0.092779,241,221,0,65
0.094385,243,217,0,65
0.095904,243,214,0,65
0.097481,244,218,0,65
0.099059,243,213,0,64
0.100583,243,216,0,65
0.102167,244,212,0,65
0.103699,245,216,0,65
0.10524,244,217,0,65
0.106846,244,220,0,66
0.108412,243,213,0,63
0.109945,245,219,0,64
0.11156,243,210,0,64
0.113073,245,213,0,66
0.114593,244,215,0,65
0.11621,243,212,0,65
0.117741,246,213,0,64
0.119298,245,213,0,65
0.120893,243,219,0,65
0.122427,245,215,0,65
0.124006,244,215,0,65
0.125544,245,216,0,65
0.127062,245,212,0,65
0.128667,244,214,0,63
0.130195,245,216,0,65
0.131751,243,210,0,66
0.133354,244,215,0,63
0.134875,245,216,0,65
0.136487,245,218,0,63
0.138059,244,211,0,64
0.139593,245,214,0,64
0.141153,244,213,0,66
0.1427,245,215,0,64
0.144224,245,213,0,64
0.145864,244,212,0,65
0.147389,246,211,0,63
0.148919,244,215,0,64
0.150549,248,211,0,63
0.152079,245,215,0,64
0.153608,244,215,0,64
0.155208,243,212,0,64
0.156743,244,215,0,63
0.158301,244,213,0,63
0.159879,244,216,0,64
0.161406,244,215,0,62
0.162972,247,210,0,65
0.164543,245,213,0,64
0.166073,246,212,0,64
0.167671,244,214,0,64
0.169195,244,211,0,64
0.170725,244,213,0,63
0.172318,246,211,0,64
0.173843,245,211,0,63
0.175401,245,213,0,63
0.176994,244,213,0,63
0.178558,244,215,0,62
0.180103,247,215,0,64
0.181734,246,213,0,63
0.183284,244,214,0,64
0.184853,244,210,0,65
0.186461,244,216,0,64
0.187989,244,210,0,64
0.189579,243,212,0,63
0.191102,245,216,0,62
0.19263,246,211,0,63
0.19423,246,214,0,63
0.195758,246,208,0,63
0.197332,245,214,0,64
0.198939,248,211,0,65
0.200471,244,208,0,63
0.202017,244,214,0,64
0.203619,245,211,0,65
0.205145,245,211,0,63
0.206736,244,211,0,62
0.208312,245,212,0,64
0.209836,246,217,0,63
0.211418,246,210,0,63
0.212949,244,215,0,64
0.21448,247,210,0,64
0.216086,244,215,0,64
0.217627,245,214,0,62
0.219158,245,211,0,64
0.22077,246,214,0,64
0.222306,246,212,0,64
0.223881,243,212,0,62
0.225424,246,214,0,63
0.226976,246,210,0,64
0.228567,246,212,0,63
0.230163,244,211,0,65
0.231763,245,213,0,64
0.233355,246,210,0,64
0.234916,247,216,0,65
0.236548,247,214,0,64
0.238104,246,216,0,64
0.239767,245,214,0,65
0.241319,244,218,0,64
0.242945,244,217,0,65
0.244496,244,215,0,64
0.246124,244,214,0,64
0.247675,242,218,0,65
0.249297,242,215,0,65
0.250853,243,219,0,65
0.25247,243,219,0,65
0.254054,241,217,0,65
0.255606,240,222,0,65
0.257233,240,222,0,65
0.258793,240,219,0,66
0.260426,241,217,0,66
0.261984,240,221,0,66
0.263632,241,219,0,66
0.265202,240,215,0,66
0.266825,239,221,0,66
0.268386,238,220,0,66
0.269996,238,219,0,66
0.27156,240,217,0,65
0.273141,240,218,0,65
0.27477,240,217,0,66
0.276329,241,217,0,66
0.27795,239,221,0,67
0.279513,239,222,0,66
0.281143,240,219,0,66
0.282708,240,220,0,65
0.284448,241,215,0,67
0.286484,242,224,0,66
0.288642,242,210,0,64
0.290474,245,213,0,63
0.29212,245,212,0,64
0.293742,243,216,0,64
0.29533,244,217,0,66
0.297346,243,215,0,66
0.29898,241,219,0,65
0.300995,240,216,0,65
0.302634,240,219,0,65
0.30462,238,221,0,66
0.306366,239,218,0,65
0.308301,239,218,0,67
0.310363,237,219,0,67
0.311985,238,220,0,66
0.314084,237,221,0,67
0.315563,238,221,0,66
0.317154,239,217,0,66
0.318674,239,218,0,66
0.32019,238,219,0,67
0.321718,239,224,0,66
0.323231,240,219,0,66
0.324772,241,217,0,67
0.326426,239,218,0,67
0.32813,240,220,0,65
0.329724,239,216,0,66
0.331331,242,217,0,66
0.332921,241,218,0,65
0.334502,245,214,0,63
0.336111,244,216,0,63
0.337721,244,212,0,64
0.339332,245,212,0,63
0.340904,244,210,0,64
0.342477,243,212,0,65
0.3441,244,214,0,65
0.34568,242,219,0,66
0.347251,241,218,0,65
0.348838,242,216,0,65
0.350424,240,220,0,65
0.352,241,219,0,66
0.353621,241,222,0,67
0.355263,241,223,0,65
0.356842,243,213,0,66
0.358472,244,213,0,65
0.360068,244,217,0,62
0.361638,244,215,0,63
0.363214,245,211,0,64
0.364792,244,215,0,64
0.366419,245,217,0,64
0.368042,242,215,0,65
0.369622,244,213,0,65
0.371198,240,215,0,65
0.372832,241,215,0,66
0.374434,240,220,0,66
0.376113,239,222,0,67
0.377778,240,221,0,66
0.379448,241,222,0,65
0.381045,240,220,0,65
0.382711,242,218,0,66
0.38436,243,217,0,65
0.386023,244,219,0,65
0.387695,245,213,0,63
0.389368,247,216,0,64
0.390961,246,212,0,62
0.392626,245,211,0,65
0.394351,245,213,0,64
0.396153,243,212,0,66
0.397817,243,220,0,65
0.399506,241,218,0,65
0.401076,240,216,0,65
0.402737,239,217,0,65
0.404356,240,221,0,66
0.405974,239,220,0,65
0.407576,241,220,0,66
0.409194,240,222,0,68
0.410797,239,216,0,65
0.412354,241,218,0,66
0.414012,242,217,0,65
0.415571,240,219,0,67
0.417195,241,219,0,65
0.418768,242,216,0,64
0.420435,245,216,0,66
0.422035,243,217,0,66
0.42371,244,214,0,65
0.425222,244,216,0,64
0.426854,244,214,0,64
0.428455,245,214,0,65
0.430014,246,212,0,63
0.431645,244,214,0,63
0.433215,245,212,0,65
0.434793,245,213,0,64
0.436306,245,210,0,65
0.437888,243,211,0,63
0.439537,245,213,0,64
0.441055,245,215,0,64
0.442637,244,213,0,64
0.444218,242,216,0,65
0.445837,247,216,0,64
0.447406,242,215,0,64
0.449063,241,215,0,65
0.450636,241,216,0,65
0.452325,241,217,0,65
0.453852,241,219,0,66
0.45547,240,223,0,66
0.457056,240,219,0,65
0.458625,238,217,0,65
0.460193,240,217,0,65
0.461709,241,219,0,65
0.463322,239,222,0,66
0.46489,240,220,0,66
0.466467,240,220,0,66
0.46805,241,217,0,67
0.469657,239,219,0,66
0.47122,240,220,0,66
0.472816,241,215,0,65
0.474432,243,220,0,66
0.475988,242,215,0,66
0.477659,241,218,0,65
0.479224,246,212,0,64
0.480868,244,214,0,64
0.482445,245,211,0,64
0.484071,245,211,0,63
0.485588,243,212,0,64
0.487174,245,212,0,62
0.488711,244,216,0,65
0.490321,246,213,0,63
0.491896,245,211,0,64
0.493426,247,212,0,64
0.495012,246,215,0,63
0.496569,246,217,0,65
0.498144,244,214,0,65
0.499768,243,214,0,65
0.50128,245,215,0,64
0.502868,243,215,0,65
0.504449,243,217,0,65
0.506051,241,217,0,64
0.50766,242,220,0,65
0.509305,239,216,0,66
0.510869,240,218,0,66
0.512545,244,224,0,66
0.514062,239,217,0,65
0.515681,239,217,0,65
0.517257,240,216,0,66
0.518918,239,221,0,66
0.520494,239,219,0,66
0.522117,241,217,0,66
0.523699,241,214,0,65
0.525298,240,216,0,65
0.526896,239,219,0,66
0.52842,241,222,0,65
0.530011,242,216,0,65
0.531625,244,220,0,66
0.533197,242,217,0,66
0.534819,243,213,0,64
0.536341,245,216,0,65
0.537972,243,217,0,65
0.539497,245,216,0,64
0.54117,244,214,0,63
0.542683,245,215,0,63
0.544261,243,213,0,64
0.545846,245,216,0,64
0.547424,247,211,0,64
0.549003,244,213,0,64
0.550527,244,214,0,64
0.552177,244,212,0,64
0.553759,247,211,0,63
0.555345,243,211,0,63
0.55706,244,217,0,65
0.558571,243,215,0,65
0.560158,244,213,0,66
0.561669,241,219,0,65
0.563295,242,219,0,65
0.564892,240,217,0,66
0.56646,237,220,0,65
0.568094,241,222,0,66
0.569648,238,219,0,66
0.57122,239,217,0,66
0.572809,240,223,0,65
0.574445,240,220,0,66
0.576025,238,222,0,66
0.578174,240,221,0,65
0.580143,239,221,0,65
0.582145,243,217,0,63
0.584097,245,214,0,65
0.585796,243,218,0,66
0.587311,240,217,0,64
0.588895,241,220,0,65
0.59042,241,217,0,64
0.592016,241,216,0,66
0.59356,240,220,0,66
0.595153,239,221,0,65
0.596675,238,221,0,64
0.598331,241,217,0,67
0.599965,240,219,0,66
0.601517,239,220,0,66
0.603346,240,218,0,65
0.604854,240,217,0,64
0.606427,241,219,0,66
0.607962,240,219,0,66
0.60954,240,219,0,65
0.611059,239,222,0,66
0.612632,240,220,0,65
0.614212,240,220,0,65
0.615833,241,217,0,65
0.61735,240,219,0,65
0.61894,240,218,0,66
0.620468,239,219,0,66
0.622043,243,220,0,66
0.623619,240,216,0,65
0.625193,242,218,0,63
0.626712,244,216,0,64
0.628296,243,215,0,65
0.629854,242,217,0,66
0.631458,244,216,0,64
0.633097,245,216,0,65
0.634698,246,217,0,64
0.636217,244,214,0,64
0.637796,246,213,0,63
0.639375,246,213,0,64
0.640971,244,215,0,62
0.642493,247,212,0,63
0.644124,244,212,0,63
0.645607,247,214,0,63
0.647159,244,214,0,64
0.648636,243,211,0,63
0.650109,243,213,0,62
0.651665,247,217,0,63
0.653148,246,209,0,64
0.654701,244,217,0,64
0.656173,243,214,0,63
0.657732,245,215,0,63
0.659295,245,210,0,63
0.660827,245,213,0,64
0.662325,243,215,0,64
0.663912,246,212,0,63
0.66539,244,215,0,63
0.66694,244,215,0,64
0.668451,245,216,0,63
0.670063,245,212,0,64
0.671671,245,212,0,64
0.673168,245,209,0,63
0.674762,245,211,0,65
0.67628,246,211,0,62
0.677816,245,214,0,64
0.679408,242,217,0,63
0.680909,244,211,0,63
0.682513,245,216,0,64
0.683991,247,216,0,64
0.685531,244,218,0,64
0.687148,244,215,0,65
0.688664,244,217,0,64
0.690221,244,215,0,64
0.69177,243,215,0,64
0.693253,243,218,0,65
0.694912,243,216,0,64
0.696468,242,216,0,65
0.698003,242,212,0,64
0.699675,244,215,0,65
0.701207,243,215,0,64
0.702699,243,217,0,64
0.704256,241,215,0,64
0.705746,242,217,0,65
0.707378,240,215,0,65
0.70891,242,218,0,65
0.710472,242,216,0,64
0.712012,242,218,0,64
0.713511,242,219,0,66
0.715079,239,219,0,65
0.716562,240,219,0,65
0.7182,242,220,0,66
0.719791,239,218,0,65
0.721352,239,218,0,65
0.722895,240,216,0,65
0.72441,239,217,0,65
0.725961,239,222,0,66
0.727507,241,216,0,65
0.729005,240,219,0,65
0.73063,240,218,0,65
0.732135,238,217,0,65
0.733691,238,219,0,66
0.735171,239,222,0,66
0.736788,240,218,0,67
0.738303,241,220,0,66
0.739832,241,219,0,66
0.741391,238,220,0,65
0.742894,237,216,0,65
0.744447,241,217,0,66
0.745945,241,218,0,66
0.747497,239,214,0,65
0.749048,239,221,0,66
0.750549,241,220,0,65
0.752075,239,224,0,65
0.753572,240,222,0,65
0.755071,238,218,0,66
0.756573,239,217,0,67
0.758101,241,221,0,65
0.759702,241,222,0,66
0.761251,243,222,0,65
0.762859,240,218,0,66
0.76441,241,217,0,65
0.765974,243,215,0,65
0.767522,240,220,0,65
0.769051,239,219,0,67
0.770617,241,215,0,65
0.772115,244,219,0,64
0.7737,243,216,0,66
0.775317,240,216,0,65
0.776805,243,217,0,64
0.778347,243,216,0,66
0.779903,244,221,0,65
0.781451,242,213,0,65
0.782986,242,217,0,63
0.784536,243,213,0,63
0.786049,242,216,0,65
0.787604,243,214,0,66
0.789144,243,215,0,64
0.790704,244,215,0,65
0.792323,244,217,0,64
0.793806,246,214,0,65
0.795422,245,217,0,64
0.79697,242,219,0,65
0.798502,244,212,0,63
0.800105,244,215,0,63
0.801684,245,216,0,64
0.803183,245,214,0,64
0.804838,244,213,0,64
0.806329,247,211,0,64
0.807912,243,219,0,65
0.809512,244,213,0,63
0.811083,245,213,0,63
0.812633,246,209,0,63
0.814181,243,216,0,63
0.815663,243,214,0,63
0.817262,244,215,0,62
0.81881,248,217,0,62
0.820461,244,210,0,65
0.82196,244,213,0,64
0.823507,243,211,0,63
0.825011,244,214,0,62
0.826568,247,211,0,64
0.828135,245,213,0,63
0.829631,242,211,0,64
0.831189,245,214,0,64
0.832688,243,211,0,64
0.83434,244,213,0,65
0.835901,244,217,0,65
0.837437,245,215,0,64
0.83899,244,213,0,65
0.840474,246,216,0,64
0.842073,242,215,0,64
0.843568,243,216,0,64
0.845152,246,213,0,64
0.84668,245,214,0,64
0.848241,244,215,0,64
0.849726,245,218,0,65
0.85128,243,214,0,64
0.85277,244,217,0,64
0.854325,243,216,0,65
0.855813,243,215,0,65
0.857372,244,214,0,64
0.858919,242,214,0,65
0.860415,241,216,0,65
0.862,241,219,0,65
0.863814,241,214,0,66
0.865872,240,219,0,65
0.868107,240,218,0,66
0.870067,240,220,0,66
0.87161,240,221,0,66
0.873262,241,215,0,64
0.874981,244,216,0,63
0.876541,247,217,0,64
0.878082,246,216,0,63
0.879615,246,215,0,63
0.881126,245,211,0,62
0.882692,246,210,0,63
0.884218,244,211,0,64
0.885765,244,214,0,62
0.887412,246,215,0,63
0.888936,245,214,0,64
0.890458,243,213,0,64
0.891993,243,218,0,63
0.89355,244,214,0,64
0.895075,244,210,0,64
0.896647,243,211,0,63
0.898199,245,213,0,63
0.899835,245,214,0,64
0.901365,246,216,0,64
0.902853,245,212,0,65
0.904386,242,211,0,63
0.905928,243,211,0,63
0.907479,245,213,0,64
0.908966,244,210,0,65
0.910538,246,214,0,64
0.912044,243,214,0,65
0.913613,242,213,0,63
0.915228,245,214,0,64
0.916747,246,211,0,64
0.918262,242,215,0,64
0.919853,244,215,0,64
0.921382,244,217,0,63
0.922952,243,218,0,65
0.924441,244,215,0,65
0.926002,242,218,0,64
0.927581,243,215,0,64
0.929116,242,215,0,65
0.930676,242,214,0,65
0.932232,243,219,0,65
0.933774,242,217,0,65
0.935361,242,216,0,65
0.936969,241,217,0,65
0.938531,241,215,0,66
0.940043,243,221,0,65
0.941705,241,217,0,66
0.943223,242,219,0,65
0.944752,239,216,0,65
0.946303,240,219,0,65
0.947852,240,218,0,66
0.94936,240,217,0,65
0.950943,239,221,0,66
0.952478,240,221,0,65
0.954098,238,216,0,66
0.95561,240,218,0,65
0.957157,240,220,0,66
0.958681,239,219,0,66
0.960225,240,220,0,66
0.96173,238,224,0,66
0.963273,241,219,0,66
0.964787,239,221,0,66
0.966351,238,216,0,66
0.967858,241,219,0,67
0.969419,240,219,0,66
0.97093,238,218,0,66
0.972516,239,222,0,66
0.974026,239,221,0,66
0.975745,240,216,0,66
0.977255,242,217,0,67
0.978896,241,224,0,64
0.980403,242,216,0,66
0.981917,242,221,0,65
0.983449,241,217,0,65
0.985045,243,214,0,66
0.98661,242,220,0,65
0.988157,244,215,0,66
0.989688,241,216,0,66
0.991278,242,219,0,66
0.992816,242,216,0,66
0.994366,243,217,0,65
0.995929,243,221,0,64
0.997479,243,218,0,66
0.998999,244,217,0,64
1.00054,243,217,0,65
1.00204,243,214,0,65
1.00356,243,216,0,65
1.00508,243,217,0,65
1.00663,245,212,0,64
1.00814,246,216,0,64
1.0097,245,217,0,63
1.01128,245,217,0,64
1.01285,244,215,0,64
1.01437,243,211,0,62
1.01602,244,215,0,63
1.01751,245,216,0,64
1.01908,243,211,0,63
1.02058,245,211,0,63
1.02217,244,213,0,64
1.02372,247,211,0,64
1.02537,246,216,0,63
1.02687,245,212,0,62
1.02845,244,209,0,62
1.03007,245,211,0,64
1.0318,244,213,0,63
1.03333,244,214,0,63
1.0349,245,215,0,65
1.03643,246,214,0,64
1.03794,244,216,0,63
1.03951,244,213,0,62
1.04109,247,218,0,64
1.04268,243,215,0,65
1.04421,243,217,0,64
1.04577,243,215,0,64
1.04729,246,216,0,65
1.04888,245,214,0,65
1.05043,244,215,0,66
1.05194,242,219,0,65
1.05351,240,214,0,65
1.05503,241,215,0,63
1.0566,244,217,0,65
1.05819,242,217,0,65
1.0597,241,216,0,64
1.06134,243,221,0,64
1.06286,242,216,0,65
1.06445,241,219,0,65
1.06595,238,222,0,66
1.06748,240,219,0,65
1.06903,240,220,0,65
1.07058,241,218,0,65
1.0721,240,218,0,66
1.07366,240,217,0,65
1.07521,240,214,0,66
1.07672,240,219,0,66
1.0783,239,217,0,66
1.07986,239,218,0,66
1.08137,242,217,0,67
1.08292,239,217,0,66
1.08447,240,220,0,66
1.08598,240,217,0,66
1.08755,240,217,0,65
1.08919,239,218,0,66
1.09071,241,220,0,66
1.0923,238,223,0,66
1.09384,239,215,0,66
1.09541,241,217,0,65
1.09699,241,216,0,66
1.09851,240,219,0,66
1.10002,240,218,0,66
1.1016,239,224,0,65
1.10315,240,220,0,65
1.10467,240,219,0,65
1.10623,241,218,0,66
1.10777,242,216,0,65
1.10927,242,218,0,66
1.11095,241,217,0,65
1.11256,241,219,0,65
1.11418,243,218,0,64
1.11571,242,220,0,65
1.11732,244,217,0,65
1.11885,246,217,0,66
1.12044,243,217,0,65
1.12204,245,215,0,65
1.12357,243,216,0,63
1.12525,243,213,0,65
1.12678,245,217,0,65
1.12838,244,216,0,63
1.12991,244,217,0,63
1.13153,245,212,0,64
1.13302,245,216,0,65
1.13456,246,212,0,63
1.13605,244,210,0,64
1.1376,242,215,0,65
1.13912,245,217,0,63
1.14104,245,211,0,64
1.14305,244,209,0,64
1.14532,245,214,0,63
1.14707,244,214,0,63
1.14863,243,218,0,65
1.15016,243,216,0,65
1.15176,244,215,0,65
1.15324,244,218,0,65
1.15479,242,217,0,66
1.15628,241,218,0,66
1.15783,242,215,0,65
1.15931,241,215,0,65
1.16086,242,218,0,65
1.16235,240,221,0,65
1.16395,241,221,0,66
1.16543,239,223,0,66
1.16697,240,220,0,66
1.16845,240,221,0,65
1.17,239,219,0,66
1.17147,241,219,0,66
1.17302,238,222,0,65
1.1745,240,220,0,67
1.17605,240,221,0,67
1.17752,239,219,0,65
1.17907,240,220,0,67
1.18057,239,223,0,66
1.18212,239,221,0,65
1.18359,238,215,0,66
1.18514,240,219,0,66
1.18662,238,219,0,66
1.18816,241,218,0,66
1.18966,238,217,0,66
1.19118,240,222,0,66
1.19271,237,217,0,66
1.19421,241,217,0,66
1.19595,239,221,0,66
1.19744,241,221,0,65
1.19899,239,220,0,65
1.20047,242,223,0,66
1.20201,242,219,0,65
1.20349,244,219,0,65
1.20504,242,218,0,66
1.20652,242,216,0,67
1.20808,243,219,0,66
1.20957,243,217,0,66
1.21111,244,219,0,67
1.2126,240,220,0,65
1.21414,242,222,0,66
1.21562,243,218,0,64
1.21717,243,214,0,66
1.21865,243,219,0,64
1.22019,243,216,0,64
1.22167,244,217,0,64
1.22321,244,218,0,64
1.2247,242,215,0,65
1.22625,244,216,0,65
1.22773,244,211,0,64
1.22927,245,215,0,64
1.23076,244,216,0,64
1.23231,246,216,0,64
1.2338,245,212,0,65
1.23534,245,217,0,64
1.23683,245,210,0,64
1.23837,246,218,0,64
1.23985,246,211,0,65
1.24139,243,215,0,65
1.24294,244,212,0,63
1.24446,246,215,0,63
1.24601,243,215,0,62
1.24749,243,211,0,64
1.24907,244,212,0,63
1.25056,246,211,0,63
1.2521,245,213,0,63
1.25359,243,213,0,64
1.25518,246,214,0,64
1.25666,245,213,0,64
1.25821,244,211,0,64
1.25968,243,215,0,64
1.26124,244,210,0,64
1.26272,244,213,0,64
1.26428,245,215,0,65
1.26576,244,216,0,64
1.26733,244,215,0,64
1.26888,243,212,0,64
1.27037,245,213,0,65
1.27191,243,213,0,64
1.2734,242,215,0,65
1.27494,244,213,0,65
1.27645,243,217,0,65
1.27799,242,216,0,64
1.27947,241,215,0,65
1.28101,241,220,0,65
1.2825,241,214,0,64
1.28405,241,221,0,65
1.28553,242,219,0,65
1.28707,241,217,0,65
1.28855,243,220,0,65
1.29009,240,220,0,64
1.2916,240,215,0,66
1.29314,240,221,0,65
1.2946,240,221,0,66
1.29612,240,219,0,65
1.29758,238,219,0,65
1.29907,241,217,0,65
1.30056,239,218,0,65
1.30203,240,221,0,66
1.30356,239,217,0,65
1.30504,240,219,0,66
1.30657,238,219,0,66
1.30803,239,218,0,66
1.30955,240,222,0,65
1.31101,238,217,0,66
1.31249,240,217,0,66
1.31399,239,221,0,66
1.31544,238,219,0,66
1.31696,240,223,0,65
1.31843,240,217,0,65
1.31995,240,220,0,65
1.32141,238,217,0,65
1.32294,238,221,0,65
1.3244,238,214,0,66
1.32591,240,217,0,66
1.32737,239,217,0,66
1.32894,241,221,0,67
1.33048,237,221,0,66
1.33212,240,217,0,66
1.33366,238,221,0,66
1.33518,240,216,0,66
1.33679,240,222,0,66
1.33834,240,220,0,65
1.33987,242,216,0,67
1.3415,240,219,0,65
1.34304,239,216,0,66
1.34457,238,218,0,66
1.34622,239,222,0,66
1.34775,239,219,0,66
1.34928,239,220,0,67
1.35089,238,222,0,65
1.35242,240,219,0,67
1.35403,240,219,0,66
1.35562,238,217,0,66
1.35716,239,220,0,67
1.35874,239,217,0,67
1.3603,239,220,0,66
1.36187,239,215,0,66
1.36349,239,219,0,66
1.36504,239,218,0,64
1.36666,240,219,0,67
1.36821,240,223,0,65
1.36984,240,223,0,67
1.37138,239,217,0,65
1.373,241,217,0,66
1.37459,242,219,0,66
1.3761,240,220,0,66
1.37769,242,221,0,66
1.37924,240,222,0,66
1.38085,242,223,0,66
1.38243,241,215,0,64
1.38404,242,220,0,66
1.38558,242,218,0,65
1.38712,241,219,0,66
1.38874,241,216,0,66
1.39029,243,219,0,65
1.39191,243,217,0,67
1.39346,241,219,0,65
1.39508,244,217,0,64
1.39662,243,217,0,65
1.39825,244,217,0,65
1.39979,243,215,0,65
1.40141,245,218,0,63
1.40295,243,216,0,64
1.40454,244,216,0,63
1.40614,245,216,0,63
1.40768,244,212,0,64
1.40934,242,215,0,64
1.41089,243,215,0,64
1.4125,244,216,0,65
1.41405,244,211,0,64
1.41564,244,215,0,64
1.41718,245,213,0,63
1.41881,246,215,0,63
1.42034,244,213,0,64
1.42196,245,213,0,64
1.42356,246,215,0,63
1.42553,245,211,0,64
1.42779,245,216,0,64
1.42984,240,218,0,66
1.43146,243,214,0,65
1.43303,242,215,0,63
1.43468,244,217,0,65
1.43621,244,215,0,65
1.43779,244,214,0,64
1.4394,245,216,0,65
1.44111,247,219,0,64
1.44267,244,211,0,63
1.44431,245,213,0,64
1.44587,245,215,0,63
1.44751,245,211,0,64
1.4491,245,210,0,63
1.45073,244,210,0,63
1.45239,244,215,0,63
1.45397,245,211,0,64
1.45561,245,213,0,64
1.45718,244,216,0,63
1.45887,244,215,0,63
1.46045,244,215,0,64
1.46209,241,215,0,64
1.46365,243,214,0,65
1.46533,241,214,0,65
1.4669,243,217,0,66
1.46854,240,220,0,65
1.4701,239,219,0,65
1.47175,240,217,0,66
1.47338,240,219,0,65
1.47501,240,219,0,65
1.47663,240,217,0,66
1.47822,240,218,0,67
1.47985,240,219,0,65
1.48142,241,219,0,67
1.48306,240,221,0,66
1.48464,241,219,0,67
1.4863,240,219,0,67
1.48791,240,219,0,66
1.48958,238,219,0,67
1.49119,241,222,0,66
1.49283,241,218,0,66
1.49445,241,215,0,66
1.49613,243,219,0,66
1.49772,241,220,0,66
1.49938,242,213,0,66
1.50097,243,216,0,66
1.50263,245,216,0,66
1.50435,244,213,0,66
1.50593,245,213,0,65
1.5076,243,216,0,63
1.50919,243,214,0,64
1.51091,246,212,0,64
1.5125,245,213,0,63
1.51419,244,215,0,64
1.51577,244,211,0,64
1.51754,246,212,0,64
1.51914,245,213,0,64
1.52081,245,215,0,64
1.5224,245,211,0,64
1.52405,246,214,0,65
1.52564,244,216,0,65
1.52729,244,217,0,65
1.52891,242,217,0,65
1.53056,242,215,0,64
1.53216,243,215,0,65
1.53384,243,218,0,65
1.53544,241,216,0,65
1.53707,241,216,0,65
1.53871,242,219,0,65
1.54028,237,221,0,67
1.54193,240,218,0,66
1.54352,238,220,0,65
1.54519,240,222,0,65
1.54675,240,219,0,65
1.54839,241,221,0,66
1.54999,242,219,0,67
1.55166,237,217,0,65
1.55324,238,218,0,66
1.55494,240,217,0,66
1.55653,241,215,0,66
1.55819,239,222,0,66
1.55978,242,220,0,66
1.56141,242,220,0,65
1.563,241,215,0,65
1.56465,243,216,0,66
1.56624,242,215,0,66
1.56789,244,216,0,65
1.56952,245,216,0,64
1.57116,245,218,0,66
1.57279,245,213,0,65
1.57437,244,211,0,63
1.57599,244,212,0,64
1.57758,244,211,0,64
1.57926,244,212,0,64
1.58083,246,216,0,64
1.58248,244,210,0,62
